1:40536,82267 40263,82285 40266,82375 40015,82392 40054,82729 39932,82741 39945,82823 39751,82841 39394,82902 38021,83167 37879,83185 37865,83184 37968,83032 37982,82940 37743,82930 38142,82411 38220,82348 38438,82063 38503,82020 38526,81942 38557,81900 38586,81896 38612,81837 38662,81772 38708,81638 38850,81591 38901,81599 39102,81542 39288,81513 39353,81476 39526,81168 39498,81078 39780,80991 39930,81231 40172,81552 40321,81467 40463,81425 40566,81411 40813,81418 41004,81455 41177,81510 41426,81630 41834,81902 41926,81980 41971,82038 42006,82111 42015,82168 42007,82255 41884,82603 41724,82577 41633,82576 41488,82604 41213,82691 41221,82702 41125,82704 41054,82684 41013,82707 41092,82844 40964,82866 40945,82814 40815,82601 40665,82399 40536,82267
2:40587,82320 40665,82399 40815,82601 40958,82850 40820,82861 40980,83300 40981,83510 40544,83561 39803,83592 39781,83947 39547,83956 39501,83968 39444,83946 39424,83897 39233,83901 39272,84305 39126,84658 39329,84684 39074,85187 39104,85233 39314,85291 39295,85326 39024,85417 39145,85623 39110,85695 38159,85714 37900,85749 37502,85746 37453,85714 37233,85056 37242,84873 37225,84335 37288,83987 37310,83661 37359,83249 37743,82930 37982,82940 37968,83032 37865,83184 37879,83185 38021,83167 39394,82902 39751,82841 39945,82823 39932,82741 40054,82729 40015,82392 40266,82375 40263,82285 40536,82267 40587,82320
3:41151,83140 41229,83148 41300,83339 41502,83662 41207,83863 41155,83925 41123,83991 41113,84094 41117,84896 41066,85079 40973,85232 40622,85586 40554,85668 39110,85695 39145,85623 39024,85417 39295,85326 39314,85291 39104,85233 39074,85187 39329,84684 39126,84658 39272,84305 39233,83901 39424,83897 39444,83946 39501,83968 39547,83956 39781,83947 39803,83592 40544,83561 40981,83510 40980,83300 40820,82861 40958,82850 40964,82866 41092,82844 41151,83140
4:41628,83474 41676,83491 41654,83524 41715,83551 41716,83654 41945,83641 41966,83608 42232,83719 42118,83877 42203,83914 42187,83925 42378,84059 42432,84025 42666,84227 42750,84176 42786,84369 42890,84594 42967,84662 42859,84733 42869,84755 42693,84915 42642,84882 42569,84966 42545,84952 42515,84983 42474,84964 42445,84980 42574,85134 42663,85309 43170,85441 43626,85489 43646,85371 43632,85353 43792,85328 44299,85656 43628,86105 43487,86184 41100,85894 41078,85876 41036,85778 40928,85661 40554,85668 40622,85586 40954,85256 41029,85151 41087,85027 41122,84845 41113,84094 41133,83965 41207,83863 41457,83700 41527,83638 41586,83560 41628,83474
5:45161,83253 45676,83212 45758,83228 45905,83312 46109,83319 46146,83307 46190,83265 46224,83258 46477,83384 46603,83394 46822,83380 46901,83360 47044,83292 47167,83350 47246,83424 47238,83464 47218,83494 47196,83495 47167,83561 47172,83618 47246,83699 46874,83927 46769,83998 46771,84009 46319,84297 44669,85406 44514,85196 44399,85116 44976,85041 45019,84939 44827,84963 44699,84527 44695,84338 44055,84064 44050,84310 43944,84245 43774,84191 43221,84134 43330,83900 43363,83765 43346,83757 43391,83701 43283,83650 43371,83585 43499,83577 43378,83515 43335,83391 43475,83394 43854,83259 44024,83233 44389,83236 44792,83291 45161,83253
6:45234,83246 44792,83291 44389,83236 44013,83234 43958,82966 44119,82953 44106,82893 44394,82869 44338,82512 44340,82479 44372,82481 44394,82339 44840,82312 45121,82345 45279,82458 45393,82510 45645,82198 45436,82161 45532,82066 45566,82054 45714,82112 45893,82202 45990,82318 46223,82440 46242,82470 46194,82512 46208,82555 46250,82614 46254,82646 46230,82698 46245,82749 46266,82775 46320,82793 46402,82895 46474,83026 46469,83067 46486,83119 46609,83152 46702,83141 46759,83150 46895,83248 47044,83292 46901,83360 46783,83389 46555,83392 46477,83384 46224,83258 46190,83265 46129,83317 46042,83318 45905,83312 45772,83234 45697,83214 45234,83246
7:47176,82416 46630,82448 46492,82468 46449,82459 46319,82476 46315,82467 46242,82470 46223,82440 45990,82318 45893,82202 45632,82078 45548,82056 45436,82161 45286,82114 45165,82038 44856,81714 44616,81527 44638,81505 44733,81540 44998,81514 45010,81583 45120,81572 45079,81367 45541,81322 45354,80978 45273,80736 45118,80732 45023,80638 46091,80523 46231,80497 46301,80518 46473,80497 46468,80510 46488,80533 46432,80543 46469,80595 46707,80448 46773,80500 46917,80487 46928,80526 46914,80544 46906,80607 46795,80610 46790,80631 46811,80627 46785,80726 46680,80781 46695,80796 46708,80794 46778,80888 46870,81061 46655,81075 46757,81333 46768,81332 46821,81559 46835,81563 47176,82416
8:42150,78619 43421,78633 43684,78875 43679,78944 43726,79074 43754,79304 43777,79341 43845,79402 43934,79725 43925,80192 43994,80342 44054,80395 44097,80623 44081,80865 43513,81014 43568,81178 43117,81190 43052,81068 42964,81059 42921,80952 42832,80975 42801,80906 42790,80847 42770,80355 42764,80176 42793,80004 42929,79989 43159,80081 43171,80062 42996,79988 42899,79906 42641,79511 42582,79714 41895,78504 41877,78437 41880,78380 41954,78169 41837,78139 41735,78080 41682,78018 41653,77939 41667,77835 41795,77586 41801,77538 41866,77572 41954,77596 41943,77635 42381,77728 42055,78619 42150,78619
9:41195,77239 41323,77283 41488,77315 41801,77538 41795,77586 41667,77835 41653,77939 41682,78018 41735,78080 41837,78139 41954,78169 41880,78380 41877,78437 41895,78504 42582,79714 42641,79511 42899,79906 42996,79988 43171,80062 43159,80081 42929,79989 42793,80004 42764,80176 42786,80725 42487,80711 42024,80726 41870,80230 41800,80099 40813,79295 41261,78936 41395,78875 41342,78879 41315,78845 41322,78767 41367,78685 41354,78628 41318,78603 41253,78600 41168,78664 41065,78709 41012,78714 40781,78669 40696,78680 40664,78655 40651,78610 40604,78587 40426,78586 40425,78534 40305,78299 40377,78096 40487,77977 40511,77934 40581,77949 40598,77918 40820,77803 40879,77813 41004,77377 41195,77239
10:38000,79531 37814,79489 37301,78360 38941,78634 40587,78585 40644,78604 40664,78655 40696,78680 40781,78669 41026,78714 41065,78709 41168,78664 41238,78606 41295,78598 41354,78628 41367,78661 41367,78685 41322,78767 41320,78861 41354,78881 41395,78875 41261,78936 40813,79295 41775,80072 41840,80159 41881,80264 41647,80317 41662,80353 41574,80373 41469,80125 40669,80311 40389,80364 40492,80657 40492,80789 40175,80874 39804,81029 39780,80991 39498,81078 39350,80711 39010,80521 38760,80351 38520,80211 38000,79531
11:41512,80228 41574,80373 41662,80353 41647,80317 41881,80264 42024,80726 42487,80711 42786,80725 42795,80885 42832,80975 42921,80952 42964,81059 43052,81068 43106,81187 42693,81397 42841,81693 42200,81746 41834,81902 41533,81694 41332,81578 41187,81514 41004,81455 40738,81411 40503,81418 40321,81467 40172,81552 39930,81231 39804,81029 40175,80874 40492,80789 40492,80657 40389,80364 40669,80311 41469,80125 41512,80228
12:43831,82452 44340,82479 44340,82545 44394,82869 44106,82893 44119,82953 43958,82966 44013,83234 43854,83259 43475,83394 43335,83391 43378,83515 43499,83577 43371,83585 43283,83650 43390,83697 43346,83757 43125,83658 42942,84111 42726,84093 42750,84176 42666,84227 42432,84025 42378,84059 42187,83925 42203,83914 42118,83877 42232,83719 41966,83608 41945,83641 41716,83654 41715,83551 41654,83524 41676,83491 41628,83474 41570,83585 41502,83662 41300,83339 41229,83148 41151,83140 41103,82880 41075,82808 41013,82707 41054,82684 41125,82704 41221,82702 41213,82691 41601,82579 41763,82582 41884,82603 41815,82793 42115,82872 42422,82927 42542,82936 43163,82824 43277,82789 43634,82634 43743,82540 43841,82515 43849,82504 43831,82452
13:44063,81030 44057,81122 43942,81648 43883,81785 43762,81992 43585,82250 43494,82338 43364,82423 43549,82447 43831,82452 43849,82504 43841,82515 43743,82540 43634,82634 43234,82804 42542,82936 42422,82927 42115,82872 41815,82793 41971,82366 42016,82203 42006,82111 41971,82038 41926,81980 41834,81902 42200,81746 42841,81693 42693,81397 43106,81187 43568,81178 43513,81014 44081,80865 44063,81030
14:43125,83658 43363,83765 43313,83947 43241,84073 43221,84134 43774,84191 43944,84245 44050,84310 44055,84064 44695,84338 44699,84527 44827,84963 45019,84939 44976,85041 44399,85116 44514,85196 44669,85406 44299,85656 43792,85328 43632,85353 43646,85371 43626,85489 43170,85441 42663,85309 42574,85134 42445,84980 42474,84964 42515,84983 42545,84952 42569,84966 42642,84882 42693,84915 42869,84755 42859,84733 42967,84662 42890,84594 42786,84369 42726,84093 42942,84111 43125,83658
15:44998,81514 44733,81540 44638,81505 44616,81527 44856,81714 45122,81997 45211,82072 45371,82147 45645,82198 45393,82510 45279,82458 45121,82345 44840,82312 44394,82339 44372,82481 43549,82447 43364,82423 43517,82319 43609,82220 43844,81857 43942,81648 44057,81122 44095,80739 44094,80598 44054,80395 44111,80448 44172,80537 44202,80605 44222,80721 45023,80638 45118,80732 45273,80736 45354,80978 45541,81322 45079,81367 45120,81572 45010,81583 44998,81514
